lambda = 0.5 numerical dEdl = -23.417057740573455 analytical dEdl = -23.417057740849778
iatom = 0 numerical F = 0.09503423470391681 0.06256246614100291 0.11414801534215258 analytical F = 0.09503414215438294 0.06256247555978955 0.11414786765139615
iatom = 1 numerical F = 0.0010711072917501951 0.00473304979209388 0.00042574527014949126 analytical F = 0.0010711019518839793 0.004733028351126101 0.0004257458925476243
iatom = 2 numerical F = -0.0004201682912707838 -0.0011157479207213328 5.987033091514604e-05 analytical F = -0.00042014698849529575 -0.001115719423797401 5.98862969101166e-05
iatom = 3 numerical F = 0.0024555312450047495 0.004225601273333268 -0.0004235007367014987 analytical F = 0.0024555235020083943 0.004225581221031449 -0.00042349743907159863
iatom = 4 numerical F = -0.22512452432010832 -0.15187106299663355 -0.26817877568419135 analytical F = -0.22512441645009193 -0.15187105753204033 -0.2681786099846951
iatom = 5 numerical F = 0.126983821360227 0.08146569605571585 0.15396864306183033 analytical F = 0.12698379583031824 0.08146569182389052 0.1539686075829083
