lambda = 0.5 numerical dEdl = -24.09645431598051 analytical dEdl = -24.096454184374053
iatom = 0 numerical F = 0.017172696402667498 0.012859916935781257 0.0196036639721342 analytical F = 0.01717285552408742 0.012859933178561267 0.019603916219599116
iatom = 1 numerical F = 0.0010247933346363425 0.0037558012166982735 7.88936915796512e-06 analytical F = 0.0010248159560185544 0.0037558293835018297 7.863232574845114e-06
iatom = 2 numerical F = -0.001153421962385437 -0.0033116766928742436 0.00023667944049066136 analytical F = -0.0011534576999150392 -0.0033117541644898107 0.00023666855979476153
iatom = 3 numerical F = 0.0016503067001849558 0.0035551177290926717 -0.0003519954816511017 analytical F = 0.0016502929800057409 0.0035551573146474502 -0.0003519997695960557
iatom = 4 numerical F = -0.02938654176887212 -0.03893406166355362 -0.023006806983971728 analytical F = -0.029386700418723054 -0.038934031402534625 -0.023007085381778647
iatom = 5 numerical F = 0.01069216686744312 0.022074903540669766 0.00351056961278573 analytical F = 0.010692193658534202 0.022074865690346022 0.0035106371394048024
